0.315 0.926
0.175 -0.105
0.049 0.052
-0.673 0.799
1.876 -0.187
0.085 0.032
1.090 -0.527
0.431 -0.377
1.913 0.064
1.003 0.076
0.333 -0.241
1.151 -0.470
0.657 0.634
0.822 0.494
-0.637 0.814
1.978 0.129
0.106 1.005
1.967 0.321
1.169 -0.540
0.181 -0.141
1.904 0.166
0.295 -0.171
-0.853 0.577
1.211 -0.493
0.148 0.213
0.603 -0.405
0.082 1.031
0.051 0.050
0.043 0.960
1.949 0.272
0.323 -0.197
0.117 0.201
1.979 0.372
1.744 -0.280
0.143 0.407
0.218 0.993
0.069 0.413
0.919 0.526
-0.024 0.970
-0.954 0.036
1.043 0.078
0.467 -0.455
0.212 -0.180
1.040 0.080
1.369 -0.440
-0.050 1.002
0.492 0.914
0.541 0.725
1.868 -0.170
0.127 0.075
1.147 -0.495
0.545 -0.366
0.970 0.160
-0.237 0.995
0.651 0.839
-0.977 0.215
0.159 0.920
1.761 -0.050
0.049 0.462
1.218 -0.468
-0.799 0.493
1.083 -0.490
0.067 0.109
0.640 -0.423
1.080 0.143
-0.778 0.613
-0.999 0.302
0.325 -0.139
-0.035 0.982
0.350 0.887
0.659 0.816
-0.884 0.342
1.856 0.063
1.588 -0.328
0.570 0.918
1.359 -0.463
0.811 0.441
0.796 0.443
1.812 -0.148
0.948 -0.561
-0.933 0.171
1.009 0.361
0.364 0.962
0.141 0.048
1.562 -0.307
0.717 0.762
1.608 -0.269
0.697 0.709
0.128 0.980
0.571 0.854
1.003 0.159
-0.037 0.468
0.946 0.473
0.781 -0.397
1.178 -0.547
2.048 0.511
1.947 0.221
1.085 0.255
1.925 0.076
0.696 0.765
2.035 0.418
0.332 -0.344
-0.160 1.006
1.145 -0.466
0.976 0.053
-1.087 0.376
0.052 0.083
1.368 -0.503
0.336 -0.162
-0.903 0.389
0.270 1.049
1.775 0.062
-1.103 0.139
0.108 0.228
1.154 -0.464
-0.491 0.820
1.905 0.287
0.967 0.212
-0.513 0.853
0.962 -0.032
-0.881 0.394
1.005 0.098
0.059 0.199
0.883 0.437
1.391 -0.479
0.070 0.176
-0.985 0.018
0.575 -0.458
-0.746 0.641
0.098 -0.088
-0.871 0.502
0.923 0.424
0.759 0.655
0.767 0.608
1.902 0.192
0.068 0.968
-1.003 -0.027
0.251 -0.216
-0.750 0.680
0.662 0.701
1.473 -0.414
-0.717 0.650
0.887 -0.527
-0.221 0.981
0.934 0.223
-0.485 0.987
0.494 0.907
0.909 0.319
1.811 -0.157
1.955 0.106
0.201 0.936
1.993 0.218
-0.098 1.131
1.472 -0.281
1.076 0.085
-0.643 0.763
0.606 0.682
-0.940 0.383
-0.310 1.006
0.394 -0.369
1.916 0.174
1.853 -0.009
0.110 0.141
0.522 -0.288
1.942 0.287
-1.048 0.309
1.389 -0.410
1.955 0.079
-0.759 0.670
0.048 0.322
-0.087 0.997
0.699 -0.409
0.946 0.355
0.840 0.607
-0.057 0.951
1.992 0.232
-0.515 0.812
0.452 0.924
1.718 -0.021
0.785 0.562
0.807 -0.434
1.159 -0.510
1.984 0.285
0.727 0.633
1.347 -0.516
0.613 -0.454
0.260 -0.360
-0.969 0.287
0.807 0.653
1.946 0.203
0.785 -0.424
-0.598 0.812
0.219 0.856
-0.249 1.009
-0.975 0.356
0.624 -0.469
2.019 0.504
0.363 0.886
0.165 0.055
1.350 -0.411
-0.148 0.487
-0.379 0.905
0.208 1.015
-0.953 0.275
0.519 -0.415
1.724 -0.183
1.272 -0.494
1.461 -0.390
0.114 0.970
0.584 -0.439
0.606 0.837
-0.697 0.735
0.606 0.814
0.184 -0.073
0.769 0.622
0.352 0.934
0.739 -0.450
0.711 0.690
0.462 -0.357
-0.444 0.881
0.369 0.999
-0.471 0.786
-0.885 0.513
-0.124 1.019
-0.309 1.045
1.488 -0.378
1.936 0.356
1.807 -0.097
0.144 0.962
1.824 0.032
-0.462 0.894
1.047 0.056
1.782 -0.002
1.925 0.391
1.673 -0.263
0.110 0.049
0.077 0.115
1.248 -0.504
-0.404 1.008
0.565 -0.288
-0.045 1.068
-0.385 0.961
-1.079 0.042
-1.051 0.152
-0.355 0.882
0.329 -0.333
0.217 0.977
0.398 0.933
-0.900 0.239
0.832 0.570
1.992 0.471
1.605 -0.222
1.737 -0.190
1.606 -0.289
1.706 -0.141
0.979 0.205
1.883 0.104
1.484 -0.447
0.285 -0.203
0.748 0.660
0.040 0.216
1.042 0.002
-0.118 1.002
0.029 -0.023
0.089 1.038
0.196 -0.034
0.233 -0.214
2.022 0.413
1.390 -0.558
1.734 -0.099
-0.250 1.100
-0.654 0.742
-0.932 0.480
-0.326 0.998
-0.102 1.041
-0.046 0.555
-0.767 0.690
0.786 0.638
1.479 -0.389
-0.070 0.404
1.039 -0.505
0.164 -0.152
1.069 -0.389
0.798 0.407
-0.034 0.462
-0.547 0.910
-0.707 0.679
-0.566 0.792
0.555 -0.337
0.982 0.150
0.894 0.470
1.373 -0.328
0.315 -0.232
0.827 0.604
-0.996 0.193
-0.279 1.005
-1.025 0.006
-0.638 0.829
0.958 -0.530
-0.792 0.680
0.779 -0.470
0.020 0.420
0.410 -0.278
-0.606 0.894
0.150 -0.136
2.010 0.151
0.399 0.961
0.792 0.646
1.518 -0.389
1.633 -0.255
0.997 0.081
0.039 0.223
0.931 0.257
-0.081 0.423
1.452 -0.351
-1.049 0.062
0.906 0.637
0.316 0.977
0.915 -0.386
1.626 -0.321
-0.446 0.869
0.999 -0.568
0.920 0.089
1.091 0.205
1.768 -0.115
1.057 -0.487
-0.948 0.344
0.736 -0.508
0.612 -0.436
0.909 0.387
0.226 -0.160
1.604 -0.189
1.502 -0.399
-0.043 0.342
-0.905 0.457
0.636 0.714
-0.785 0.634
0.872 0.338
1.004 -0.544
0.866 0.448
1.988 0.199
0.674 -0.457
-0.775 0.759
0.203 0.196
-0.794 0.690
1.992 0.249
1.672 -0.266
0.949 0.015
1.048 -0.592
-0.901 0.284
0.880 0.077
2.042 0.160
0.809 -0.410
-0.743 0.544
-0.941 0.184
0.154 -0.059
0.430 -0.317
1.996 0.281
0.910 -0.037
-0.725 0.743
0.926 -0.462
0.897 0.438
0.245 -0.193
0.004 0.385
0.193 1.026
0.988 -0.478
0.924 0.262
0.372 1.022
0.133 -0.125
0.803 -0.469
0.397 0.911
-0.830 0.465
0.512 0.879
-0.709 0.777
0.508 -0.426
1.249 -0.460
0.097 1.006
0.273 0.959
0.122 0.261
0.906 0.342
-1.017 0.350
0.149 1.025
0.913 0.137
0.234 -0.117
-0.952 0.334
0.747 -0.460
0.258 -0.276
-0.050 0.986
0.634 -0.428
1.667 -0.274
0.593 0.808
1.063 0.167
1.900 0.021
0.496 -0.394
0.490 -0.419
-0.395 0.900
0.415 0.820
1.853 -0.036
1.651 -0.171
-0.267 0.979
-0.270 0.901
0.887 0.565
1.861 -0.038
0.563 0.847
-0.608 0.771
-0.031 1.018
0.019 0.994
0.667 0.679
0.938 -0.556
0.831 -0.493
0.854 0.529
1.870 -0.023
-0.322 0.921
0.915 -0.581
-0.231 0.934
0.449 0.868
0.274 -0.106
0.781 -0.501
0.604 -0.322
-1.026 0.187
1.264 -0.368
0.680 0.753
-0.071 0.418
0.572 0.835
1.294 -0.471
-0.129 0.894
-0.863 0.525
-0.571 0.816
1.076 -0.558
-0.203 1.004
1.226 -0.488
0.634 0.739
0.845 0.519
0.894 -0.511
0.229 -0.034
-0.040 0.887
0.644 -0.412
-0.295 0.849
-0.510 0.868
-0.108 1.057
0.160 0.034
1.935 0.076
0.626 -0.469
-0.538 0.885
1.034 0.078
0.778 0.555
-0.949 0.088
0.327 1.019
0.227 0.961
-0.737 0.703
0.773 0.745
-1.046 0.038
0.084 0.962
0.789 -0.526
1.848 0.030
0.146 -0.047
1.320 -0.371
-1.006 0.170
1.844 0.047
0.159 -0.021
-0.354 0.987
0.859 -0.492
0.122 0.963
0.666 0.763
-0.636 0.784
1.034 0.119
1.249 -0.512
1.957 0.415
1.992 0.440
0.038 0.922
0.906 -0.495
-1.063 0.023
0.795 -0.499
-0.788 0.504
0.927 -0.492
0.531 0.895
1.817 -0.050
1.681 -0.238
0.351 -0.307
-0.961 0.256
1.961 0.454
0.093 0.210
0.020 0.406
1.588 -0.297
0.047 0.969
0.997 0.297
-1.150 0.136
-0.845 0.695
0.865 -0.432
0.874 -0.537
0.842 0.581
0.560 0.824
-0.962 0.042
-0.370 0.997
0.217 0.021
-0.995 0.272
1.136 -0.461
0.677 -0.458
0.199 -0.153
1.164 -0.483
-0.014 0.423
-1.066 0.230
1.385 -0.359
-0.137 1.040
-0.943 0.334
0.124 -0.098
0.090 0.137
-0.843 0.155
-0.250 0.876
0.515 0.795
-0.587 0.924
-0.007 0.406
0.933 0.514
0.297 0.960
1.837 -0.062
-0.064 1.024
-0.849 0.389
0.677 0.757
-1.038 0.108
0.409 -0.363
1.958 0.482
2.062 0.159
0.497 -0.322
0.019 0.298
1.978 0.037
1.841 -0.123
0.839 -0.405
-0.920 0.410
0.111 0.045
1.961 0.120
0.408 0.932
-0.340 0.917
1.206 -0.422
0.882 0.387
0.682 0.514
0.071 0.184
0.051 1.022
1.579 -0.352
1.990 0.365
-0.660 0.821
0.556 0.830
0.747 -0.435
-0.015 0.265
0.667 -0.444
0.350 0.902
-0.706 0.736
-0.018 0.359
0.252 0.991
-0.220 0.964
-0.486 0.861
0.350 -0.220
1.509 -0.424
-0.237 0.995
1.793 0.071
0.315 -0.306
0.764 0.547
-0.692 0.682
-1.043 -0.009
0.154 -0.029
0.907 0.382
-0.891 0.441
0.801 0.622
1.620 -0.180
0.567 0.791
0.519 -0.299
0.915 0.455
1.981 0.406
-0.036 0.169
0.926 0.023
0.939 0.204
1.981 0.334
0.050 1.002
1.328 -0.377
0.714 -0.522
0.466 -0.311
0.149 1.070
-1.054 0.063
0.495 0.818
0.892 0.541
1.089 -0.475
0.736 -0.498
-0.511 0.887
0.674 -0.377
-0.163 0.977
1.850 -0.042
0.953 -0.501
-0.818 0.596
-0.789 0.461
1.995 0.203
0.760 0.642
-0.355 0.889
-0.879 0.483
1.163 -0.523
-0.912 0.643
1.854 0.153
-0.870 0.491
0.914 0.351
-0.581 0.897
0.296 -0.079
0.899 -0.043
1.627 -0.247
1.589 -0.329
0.410 -0.227
0.043 1.035
-0.877 0.617
0.374 0.896
-0.222 1.022
0.813 0.585
-0.141 1.026
-0.089 0.451
1.990 0.413
1.132 -0.493
0.490 -0.365
-0.352 0.974
0.423 -0.248
1.218 -0.395
1.728 -0.241
0.900 0.308
-0.621 0.782
0.859 0.501
-0.477 0.901
-0.830 0.542
0.011 0.300
-0.954 0.226
0.081 1.009
1.032 0.193
-1.062 0.067
-0.267 0.943
-0.638 0.704
1.134 -0.496
0.030 1.001
1.992 0.038
0.059 0.249
0.113 0.991
0.994 0.286
1.184 -0.525
2.032 0.469
0.759 0.658
1.802 0.088
0.166 0.042
0.301 0.918
-0.591 0.807
0.055 0.137
1.773 -0.225
0.023 0.307
1.640 -0.329
0.418 0.887
-0.183 0.978
1.802 0.066
0.454 -0.317
1.826 -0.057
-0.761 0.509
0.778 0.594
1.799 -0.226
0.684 0.675
0.973 0.089
1.970 0.106
0.269 0.860
0.790 -0.539
0.633 -0.515
0.608 0.805
0.389 0.980
-0.834 0.446
1.621 -0.258
0.722 -0.486
0.138 -0.002
-0.606 0.841
1.432 -0.323
0.003 0.329
2.004 0.407
-0.215 0.976
-0.979 0.301
-0.676 0.721
1.594 -0.353
-0.193 1.015
0.395 0.941
-0.185 0.977
0.999 0.113
0.313 -0.187
-0.808 0.584
1.688 -0.152
1.963 0.182
-0.498 0.879
-0.080 0.963
1.844 0.079
-0.589 0.789
1.980 0.089
-0.408 0.883
1.876 0.103
-0.165 0.958
0.853 0.514
-0.079 1.008
-0.447 0.858
0.495 0.841
0.426 -0.437
0.991 -0.555
-0.255 0.983
0.203 -0.104
1.838 -0.082
0.282 -0.239
1.024 0.179
0.935 -0.445
1.091 -0.417
-0.900 0.252
0.039 0.095
0.330 0.934
-0.973 0.127
-1.044 0.098
0.925 0.363
0.063 0.330
0.003 0.297
1.502 -0.310
-0.049 0.320
1.882 0.392
-0.588 0.840
0.109 -0.027
1.060 -0.544
-0.661 0.802
0.695 0.682
0.937 0.005
1.831 -0.098
0.259 -0.077
0.663 0.778
1.029 0.422
-0.235 1.025
0.756 0.744
1.758 -0.238
0.427 0.890
-0.440 0.806
1.990 0.417
1.043 0.060
-0.011 0.078
0.271 0.938
0.186 1.006
-1.012 0.077
1.216 -0.420
0.857 0.399
0.381 -0.256
0.066 0.505
0.963 0.115
1.030 0.108
1.996 0.460
0.238 0.983
1.793 -0.094
1.016 -0.466
1.855 0.013
1.562 -0.378
0.488 0.902
0.336 -0.155
0.896 -0.488
0.408 -0.227
1.422 -0.402
-0.150 0.920
1.531 -0.312
-0.647 0.751
0.281 -0.177
0.659 0.777
0.484 -0.354
0.394 -0.305
0.636 -0.455
1.578 -0.343
-1.062 0.076
-0.856 0.452
-0.944 0.131
-0.809 0.669
-1.002 0.073
1.724 -0.119
-0.221 0.891
1.910 0.096
0.927 0.402
1.836 0.144
0.015 1.098
-0.203 0.868
0.038 0.430
1.789 -0.075
0.209 0.997
-0.051 0.411
0.959 -0.498
0.533 -0.490
1.059 -0.542
1.631 -0.190
0.196 -0.216
0.976 0.148
0.560 -0.357
1.045 0.190
0.376 -0.330
-0.733 0.776
0.184 0.078
0.425 -0.281
0.780 0.711
0.054 0.328
-0.894 0.143
0.061 0.106
-0.984 0.092
0.846 0.513
-0.989 0.107
-0.492 0.780
-0.818 0.563
0.578 0.831
0.909 0.024
-0.890 0.290
1.704 -0.173
1.932 0.118
0.053 0.366
-1.075 -0.031
1.876 -0.042
0.686 -0.416
-0.734 0.681
0.130 0.251
1.049 -0.476
0.517 -0.477
0.794 -0.380
1.514 -0.260
0.761 -0.459
0.224 0.949
2.032 0.196
0.901 -0.528
0.145 0.977
1.267 -0.450
0.779 0.612
0.997 -0.496
0.507 -0.360
-1.007 0.076
-0.605 0.885
0.231 -0.123
-0.749 0.660
2.014 0.190
0.065 -0.159
-0.968 0.458
-0.113 1.008
0.691 0.655
0.073 0.235
0.292 0.950
0.032 0.372
0.922 -0.536
1.924 0.303
0.046 0.427
1.226 -0.434
1.261 -0.491
0.000 0.989
1.854 -0.181
1.936 0.318
0.129 0.087
-0.037 0.463
-0.003 0.527
0.648 0.737
0.148 0.981
0.741 -0.467
-0.034 0.330
1.890 0.010
1.166 -0.537
-1.011 0.065
1.953 0.444
1.100 -0.514
0.302 -0.238
1.797 -0.195
0.047 0.501
2.002 0.265
1.933 0.281
1.533 -0.355
1.853 0.024
0.177 1.013
1.407 -0.471
0.011 0.497
1.936 0.087
-0.560 0.924
-0.900 0.409
1.916 0.275
0.904 0.503
0.507 -0.339
-1.059 0.231
-0.931 0.251
0.366 -0.337
-0.405 0.861
-0.970 0.218
-0.577 0.863
1.865 0.173
1.927 0.192
0.817 0.595
-0.684 0.742
-0.038 0.947
1.747 -0.095
-0.600 0.864
-0.243 0.990
0.722 -0.495
0.951 0.122
1.858 0.021
-0.963 0.294
-0.432 0.881
-0.670 0.750
0.918 0.364
1.866 -0.004
1.226 -0.441
1.914 0.337
-0.224 0.953
0.728 -0.502
0.954 -0.507
1.042 0.117
1.977 0.444
0.728 0.759
1.594 -0.295
0.577 0.781
0.038 0.407
-0.268 1.011
-0.798 0.574
1.750 -0.206
0.611 0.693
1.994 0.473
0.700 -0.477
0.630 0.830
0.514 -0.489
0.691 0.810
0.745 -0.458
-0.163 0.981
-0.955 0.231
-0.954 0.128
0.273 0.947
1.039 -0.608
0.509 0.836
0.171 0.977
0.389 0.914
0.125 0.098
-0.792 0.611
-0.950 0.088
0.600 0.921
1.248 -0.475
0.225 -0.270
0.197 -0.198
0.467 -0.366
0.926 0.139
1.455 -0.397
0.917 -0.536
-0.049 0.980
0.957 0.094
-0.539 0.786
1.003 -0.559
0.033 1.069
1.289 -0.531
0.002 0.367
0.994 0.208
0.397 -0.343
1.759 -0.125
1.946 0.263
1.021 0.189
0.002 0.088
0.764 -0.488
1.869 0.233
1.626 -0.355
0.319 1.008
0.443 -0.390
0.063 -0.014
-1.084 0.083
0.729 0.609
0.499 0.894
-0.872 0.579
-0.027 1.039
1.121 -0.467
1.516 -0.288
0.231 -0.103
-0.074 0.986
2.031 0.246
-0.509 0.878
-0.997 0.292
0.245 0.948
1.819 0.009
-0.875 0.483
0.448 -0.379
0.409 0.947
1.206 -0.501
0.673 0.733
-0.785 0.491
0.600 -0.509
-0.947 0.303
-0.257 0.968
-0.635 0.863
-0.901 0.508
-1.061 0.012
0.918 -0.458
0.081 1.009
1.333 -0.439
0.921 0.405
0.922 0.064
0.203 0.963
1.997 0.347
0.648 -0.454
1.904 0.151
0.116 0.989
-0.137 0.408
1.682 -0.219
-0.911 0.215
0.363 -0.182
-0.690 0.776
-0.848 0.454
0.524 -0.433
0.302 -0.149
-0.611 0.762
-1.029 0.347
1.542 -0.220
1.533 -0.341
-0.582 0.852
0.900 0.426
1.417 -0.442
0.997 0.242
-0.830 0.654
-0.001 0.214
-1.020 0.132
1.009 -0.488
0.953 0.200
1.930 0.305
0.253 0.987
0.856 0.504
0.609 -0.454
0.121 -0.042
-1.090 0.015
0.593 -0.416
1.220 -0.370
-0.912 0.243
1.830 -0.046
0.621 0.815
0.846 0.445
1.896 0.152
0.373 0.975
0.930 0.339
1.722 -0.208
0.034 0.077
0.052 0.980
0.456 -0.373
0.379 0.933
-0.389 0.832
-0.557 0.907
1.008 -0.522
-0.790 0.687
0.055 0.217
0.705 0.695
1.827 -0.094
-0.941 0.456
-0.588 0.744
1.586 -0.228
1.656 -0.255
1.866 0.185
-0.793 0.663
1.397 -0.447
0.958 0.151
1.077 -0.520
0.001 0.937
-0.330 0.908
2.016 0.187
0.307 -0.208
-0.972 -0.068
1.663 -0.277
0.131 -0.034
0.741 0.631
0.925 0.271
1.785 -0.164
1.745 -0.202
0.820 0.572
1.793 -0.156
-0.292 1.001
0.161 -0.133
0.966 0.271
0.105 0.953
0.236 1.004
0.873 -0.531
1.171 -0.521
1.781 -0.008
0.923 0.303
0.968 0.085
0.016 0.325
1.219 -0.539
-0.083 0.959
1.327 -0.379
0.146 0.058
-0.937 0.193
0.760 0.774
1.428 -0.328
1.973 0.455
0.443 0.856
-0.401 0.961
1.265 -0.571
0.689 0.699
0.097 0.106
0.777 -0.511
0.909 0.294
0.432 -0.352
0.045 0.074
-0.711 0.628
0.197 -0.139
0.441 0.941
1.870 -0.069
1.229 -0.440
0.100 0.244
-0.654 0.811
0.422 0.931
0.380 -0.237
0.051 0.229
1.536 -0.389
-0.967 0.364
1.778 -0.271
0.386 0.905
1.361 -0.388
-0.088 1.009
0.225 -0.153
1.236 -0.481
1.822 0.020
0.878 0.556
-0.555 0.832
0.174 0.086
0.465 0.861
1.935 -0.027
0.465 -0.434
-0.917 0.279
-0.518 0.845
-0.134 1.068
0.722 0.699
-0.032 0.319
-0.541 0.921
1.372 -0.410
0.766 0.654
-0.973 0.391
1.444 -0.303
0.460 -0.390
0.281 0.938
-0.974 0.495
-0.765 0.645
0.964 0.258
1.149 -0.398
1.208 -0.529
0.196 -0.239
1.395 -0.334
0.614 -0.449
-0.897 0.345
0.323 -0.219
1.962 0.343
-0.292 0.984
1.565 -0.426
0.851 -0.591
-0.786 0.597
-0.060 0.931
-0.330 0.971
-0.024 1.059
0.867 0.388
-0.873 0.648
1.487 -0.327
1.038 -0.486
0.514 0.983
0.732 0.676
-0.938 0.308
0.260 0.942
-0.691 0.699
1.053 0.308
0.013 1.021
1.927 0.206
1.823 -0.110
-0.809 0.556
0.677 -0.398
0.342 -0.275
1.440 -0.356
1.922 0.221
0.737 -0.439
-0.018 0.382
0.197 1.030
-0.376 0.911
0.275 -0.308
1.419 -0.420
1.211 -0.518
0.876 0.480
0.810 -0.439
0.960 -0.419
0.479 -0.291
0.244 0.959
0.893 0.466
0.415 0.810
0.476 -0.347
0.326 0.997
0.907 0.244
0.331 -0.295
0.752 0.613
-0.084 0.972
0.422 0.958
0.963 0.329
0.019 0.257
-0.947 0.083
0.874 0.444
0.207 -0.052
1.729 -0.285
1.000 -0.499
2.077 0.501
0.643 0.730
0.762 0.615
1.811 -0.178
0.497 0.846
0.888 0.459
-0.314 0.932
1.915 0.578
0.523 0.876
0.085 0.166
1.716 -0.173
0.744 0.636
0.738 0.657
0.854 0.501
1.999 0.596
0.371 1.024
-1.013 0.060
1.984 0.184
-0.623 0.898
1.642 -0.251
1.910 0.181
0.501 0.835
-0.503 0.934
0.046 0.406
0.726 0.857
0.010 0.368
1.905 0.376
-0.139 0.979
0.090 0.060
0.267 -0.187
0.937 0.266
0.891 -0.522
2.032 0.295
-0.393 0.815
-0.608 0.885
0.961 0.036
-0.933 0.463
0.743 0.755
0.974 0.167
0.106 0.007
-0.960 0.263
0.200 1.055
-0.618 0.878
0.396 -0.307
0.902 -0.505
-0.837 0.572
0.578 0.736
0.804 0.544
0.672 0.818
-0.912 0.249
1.904 -0.025
0.275 -0.141
0.441 0.915
0.481 0.858
2.007 0.480
-0.900 0.315
1.807 -0.110
0.806 0.485
0.336 0.897
0.737 0.579
1.072 0.009
1.738 -0.271
0.016 0.279
1.007 0.143
1.118 -0.465
1.486 -0.413
-0.901 0.412
1.625 -0.299
1.581 -0.283
0.617 0.831
1.919 0.196
1.575 -0.273
2.041 0.333
1.922 0.198
0.244 -0.237
-0.009 0.991
0.949 0.214
-0.115 1.010
0.094 0.178
-0.156 1.114
0.841 0.566
0.952 0.385
0.848 0.304
0.612 0.841
0.056 0.107
-0.016 0.236
-0.417 0.862
-0.790 0.709
1.569 -0.385
0.716 -0.546
-0.366 0.986
1.443 -0.404
1.405 -0.438
0.272 0.882
-0.336 0.937
1.990 0.369
0.614 0.827
1.827 -0.176
0.109 0.065
0.546 0.908
1.986 0.430
1.887 0.267
-0.001 0.502
1.022 0.138
-0.711 0.773
0.893 -0.576
-0.800 0.651
0.073 0.937
2.013 0.442
1.359 -0.382
1.990 0.456
1.392 -0.442
0.238 1.019
0.441 0.843
-0.480 0.887
0.435 0.916
0.179 0.957
0.665 -0.374
-0.008 0.343
1.988 0.154
0.892 -0.494
0.046 0.047
2.002 0.281
-0.733 0.678
0.889 0.389
0.085 1.026
0.151 -0.124
-0.625 0.786
0.125 0.060
1.555 -0.322
-0.929 0.337
0.059 0.261
-0.962 0.128
0.007 0.382
1.731 -0.197
0.277 0.968
2.095 0.322
1.452 -0.346
0.194 -0.061
1.942 0.013
0.260 -0.202
1.584 -0.209
1.030 0.047
0.402 -0.309
-0.796 0.699
0.263 0.975
0.698 0.728
0.282 -0.232
1.106 -0.523
0.033 0.391
-0.475 0.880
1.945 0.348
1.033 -0.523
0.609 -0.410
0.052 0.119
-0.825 0.347
-0.346 0.944
0.687 -0.488
1.416 -0.491
-0.412 0.955
-0.901 0.318
-0.931 0.470
0.192 -0.172
0.259 -0.158
-0.573 0.739
1.813 -0.082
1.189 -0.445
-0.799 0.839
2.052 0.325
0.546 0.830
1.327 -0.465
1.727 -0.014
0.139 -0.028
1.567 -0.339
-0.361 0.951
1.719 -0.183
0.913 0.361
0.038 0.434
0.083 0.239
-0.832 0.491
-0.825 0.592
-0.289 1.041
1.931 0.429
0.209 -0.170
1.521 -0.372
0.158 1.046
0.908 0.245
0.360 -0.223
1.266 -0.493
-0.689 0.689
0.432 0.922
1.792 -0.113
1.411 -0.369
-0.910 0.487
-0.878 0.476
0.327 -0.172
1.947 -0.021
-1.015 0.186
0.480 -0.370
1.669 -0.221
1.850 0.093
0.372 -0.259
0.930 -0.519
1.697 -0.284
-0.298 0.895
0.988 0.342
-0.866 0.480
-0.992 -0.025
0.020 0.299
0.631 -0.409
1.947 0.085
0.194 1.051
-0.046 0.381
0.653 -0.487
0.276 -0.102
-0.213 0.994
0.674 -0.336
0.827 -0.594
0.679 -0.465
0.269 -0.139
-0.038 1.091
-0.585 0.851
0.449 0.887
-1.043 0.131
0.278 -0.180
1.296 -0.493
0.330 0.983
0.202 0.925
0.784 -0.551
1.605 -0.232
0.186 0.028
0.873 0.556
-0.530 0.807
-0.930 0.493
0.226 0.931
0.991 -0.514
0.125 0.037
1.638 -0.141
-0.633 0.801
0.577 0.756
1.061 -0.421
0.034 0.091
1.085 -0.572
-0.415 0.907
-0.645 0.802
0.030 1.037
0.050 0.179
-0.037 0.108
-0.556 0.742
0.995 -0.520
0.949 -0.024
0.777 -0.421
0.048 -0.025
-0.928 0.215
0.089 0.025
1.508 -0.255
1.229 -0.535
0.294 -0.162
1.343 -0.485
0.527 0.884
0.981 0.288
0.624 -0.422
0.819 0.620
0.093 -0.012
-0.924 0.424
0.664 0.734
1.961 0.378
1.412 -0.427
1.768 -0.091
1.051 -0.527
1.601 -0.364
0.192 -0.201
0.431 0.936
0.627 0.734
-0.634 0.651
0.962 0.153
-0.821 0.492
1.327 -0.348
0.842 -0.544
1.916 -0.075
-0.488 0.876
1.193 -0.412
1.759 -0.058
1.097 0.058
0.921 0.358
-0.868 0.442
0.366 0.927
0.610 0.756
-0.565 0.786
0.100 0.348
1.708 -0.318
2.030 0.554
0.413 0.974
1.677 -0.110
1.482 -0.339
0.335 -0.318
0.736 0.619
0.679 -0.541
0.353 -0.256
0.492 0.821
0.811 -0.429
1.571 -0.259
-0.331 0.957
0.926 -0.400
2.016 0.317
0.205 0.947
1.002 0.275
-0.946 0.069
0.533 -0.440
0.706 0.744
-0.414 0.903
0.978 0.312
2.026 0.401
1.212 -0.438
1.562 -0.290
-0.215 1.021
0.836 0.367
0.363 -0.294
-0.004 0.446
1.678 -0.317
1.323 -0.445
1.542 -0.392
-0.824 0.437
-0.646 0.859
0.908 0.413
-0.004 0.491
1.399 -0.454
0.929 0.037
-0.084 1.056
-0.946 0.398
-1.036 0.095
-0.440 0.902
1.734 -0.148
-1.012 0.263
1.443 -0.365
1.955 -0.035
0.265 0.921
2.032 0.367
0.464 1.026
0.706 -0.432
0.876 0.390
0.387 0.879
0.509 0.850
1.773 -0.112
-0.424 1.044
1.291 -0.503
0.644 0.837
1.605 -0.164
1.931 0.304
-0.051 0.124
0.358 0.956
0.905 -0.582
0.156 0.988
1.007 -0.466
0.253 -0.167
-0.042 1.005
-0.111 1.036
-0.007 0.491
-0.909 0.306
1.272 -0.449
-0.253 0.927
1.836 -0.076
0.476 -0.367
1.382 -0.434
0.131 0.126
-1.054 0.179
0.878 0.573
0.404 0.832
1.032 0.129
0.187 0.078
1.923 0.139
2.023 0.330
1.022 -0.453
1.718 -0.182
0.181 1.063
-0.911 0.393
1.913 -0.086
1.309 -0.525
1.837 -0.047
1.141 -0.483
0.198 0.898
0.410 -0.298
0.716 -0.500
-0.767 0.633
-0.835 0.365
1.863 -0.003
-0.894 0.555
0.243 -0.138
0.835 -0.414
0.021 0.494
-0.326 0.980
0.431 -0.289
-1.009 0.109
0.472 0.896
1.471 -0.338
-0.043 0.293
0.152 0.030
0.091 1.002
0.200 -0.270
0.039 0.020
1.994 0.100
1.171 -0.521
-0.467 0.926
-0.222 0.946
-0.491 0.890
-0.237 0.877
-0.899 0.350
1.894 0.166
1.173 -0.531
0.514 -0.451
0.309 -0.302
0.486 -0.242
0.037 1.103
0.921 -0.417
-0.850 0.558
0.537 0.783
-0.998 0.217
-0.709 0.778
-0.610 0.722
-0.868 0.516
-0.888 0.155
0.054 0.047
0.512 -0.380
-0.085 0.367
1.321 -0.448
0.246 0.949
-0.191 1.023
0.929 0.446
0.909 0.460
0.033 0.121
-0.695 0.695
0.055 0.211
-0.940 0.463
-1.015 0.068
1.480 -0.359
0.526 -0.331
0.216 -0.105
0.224 -0.139
-0.350 0.979
1.240 -0.497
-0.300 0.838
0.880 0.511
0.953 0.316
0.073 0.370
1.301 -0.463
-0.309 0.918
1.501 -0.345
1.287 -0.495
0.542 0.846
0.047 0.970
-0.056 0.994
1.948 0.170
0.802 -0.516
1.681 -0.242
1.027 0.393
-0.766 0.543
0.200 1.036
0.031 0.163
1.023 0.188
-0.895 0.279
1.756 -0.189
-1.044 0.102
-0.559 0.732
0.887 -0.432
1.282 -0.513
1.977 0.334
0.590 -0.415
1.946 0.218
1.437 -0.381
0.453 -0.361
-0.656 0.725
-0.984 0.403
-0.062 0.972
1.994 0.330
0.687 -0.354
0.922 0.227
-0.026 1.027
0.010 1.007
0.415 0.930
0.787 0.581
0.443 -0.276
0.923 0.429
0.528 -0.304
-0.026 0.257
0.054 -0.039
-0.829 0.585
-0.087 0.972
1.892 -0.075
1.269 -0.491
0.842 0.416
-0.781 0.631
0.847 0.489
0.647 -0.456
0.653 -0.436
1.667 -0.186
0.622 -0.368
1.919 0.040
0.875 0.342
0.784 0.488
0.977 0.432
0.961 -0.409
1.929 0.018
0.338 -0.230
-0.935 0.311
0.788 0.635
0.686 0.777
1.973 0.438
0.962 0.143
-0.659 0.646
0.747 0.766
-0.460 0.904
0.948 0.068
-0.008 0.301
2.009 0.301
-0.030 0.197
-0.900 0.402
0.503 0.913
0.086 0.234
0.867 -0.507
0.768 0.569
0.258 1.006
1.655 -0.239
0.827 -0.557
1.933 0.405
-0.891 0.366
-0.618 0.598
-1.085 0.221
0.728 0.804
0.862 0.210
0.774 -0.418
-0.800 0.556
-0.115 1.047
1.292 -0.454
1.198 -0.564
-1.051 0.041
1.892 0.025
1.837 -0.022
1.891 -0.035
-0.789 0.451
-0.492 0.866
0.316 -0.212
1.252 -0.492
1.832 -0.054
2.011 0.327
-0.409 0.855
1.520 -0.314
1.485 -0.367
0.793 -0.446
1.625 -0.355
0.135 0.040
0.793 0.625
1.439 -0.457
0.083 0.374
1.935 -0.034
1.956 0.092
-0.651 0.708
2.054 0.411
-0.597 0.866
0.007 0.541
2.018 0.228
1.754 -0.224
0.842 0.675
-0.004 0.483
-0.978 0.143
0.993 0.204
0.972 0.115
0.679 -0.515
0.731 0.605
-0.838 0.607
-0.704 0.798
0.032 0.169
0.533 -0.412
0.929 0.303
0.901 0.551
1.956 0.296
0.799 0.553
0.878 -0.519
1.261 -0.491
0.647 0.705
1.045 0.111
-0.337 1.090
1.719 -0.088
1.531 -0.254
-0.071 0.984
0.551 0.742
0.055 0.937
0.500 -0.320
0.948 0.438
1.950 0.463
1.012 -0.555
0.283 -0.233
-0.886 0.227
-0.532 0.878
1.368 -0.485
0.873 -0.425
0.162 0.084
-0.887 0.430
-1.013 0.144
0.975 -0.541
1.019 0.021
0.093 0.078
0.914 0.384
-0.999 0.325
0.143 -0.022
1.131 -0.484
-0.560 0.791
-0.895 0.463
1.457 -0.341
-0.974 0.379
0.995 -0.486
-0.251 0.957
0.007 0.428
0.892 0.413
-0.800 0.738
0.357 -0.352
0.049 0.439
0.570 0.813
0.892 0.631
0.264 -0.268
0.203 1.002
0.810 -0.433
-0.371 0.879
-0.027 0.432
0.514 -0.471
0.655 0.777
0.373 -0.366
0.320 -0.179
0.929 0.232
1.029 -0.464
1.997 0.022
-0.389 0.915
0.441 -0.329
0.637 0.743
1.287 -0.431
0.041 0.941
0.146 0.967
0.242 -0.101
0.669 -0.526
1.931 0.129
0.298 -0.061
0.695 0.808
-0.912 0.564
0.104 0.017
0.245 -0.022
0.949 0.093
0.074 0.140
0.463 0.812
-0.807 0.563
1.044 0.116
-0.895 0.410
0.044 0.287
0.986 0.261
-0.806 0.704
0.055 0.445
1.957 0.368
0.100 0.240
0.089 0.398
-0.845 0.588
0.714 -0.487
-0.231 0.884
0.797 0.675
0.094 0.047
-0.649 0.726
-0.346 0.933
1.033 0.358
-0.644 0.726
-1.032 0.247
1.387 -0.399
1.033 0.310
0.376 0.953
0.906 0.373
1.567 -0.212
1.000 -0.008
0.622 -0.369
1.996 0.183
-0.247 0.972
0.344 0.900
1.104 -0.530
0.289 0.971
0.819 0.618
-0.910 0.310
0.485 0.962
-0.974 0.061
1.180 -0.440
1.396 -0.312
0.321 0.952
-0.825 0.471
0.416 -0.437
1.638 -0.272
0.730 0.685
1.346 -0.433
0.253 -0.195
0.088 0.159
0.955 -0.514
1.591 -0.248
0.827 0.505
1.426 -0.430
0.536 -0.345
-0.139 1.006
1.916 0.114
0.376 0.955
-0.959 0.278
-0.633 0.785
-0.715 0.562
-0.936 0.120
0.279 -0.217
1.480 -0.368
0.128 -0.031
1.984 0.064
0.190 -0.129
-0.854 0.333
-0.976 0.145
0.187 0.040
2.074 0.293
-0.003 0.252
-0.981 0.004
-0.713 0.712
0.510 0.914
0.832 0.547
0.931 0.236
-0.391 0.960
-0.926 0.251
1.283 -0.491
-0.264 0.920
0.310 0.935
0.899 0.278
0.096 0.164
0.134 0.966
-0.806 0.641
0.148 0.030
1.938 0.178
0.538 0.810
0.969 0.130
0.466 -0.386
0.732 0.748
-0.999 0.325
2.009 0.394
0.970 -0.484
0.075 0.224
1.456 -0.323
0.341 1.008
0.562 0.900
0.737 0.742
-0.733 0.768
1.059 -0.561
1.234 -0.324
1.855 0.335
0.004 0.287
2.021 0.233
0.842 0.348
-0.819 0.497
1.029 0.118
0.219 -0.095
-0.999 0.344
0.950 -0.460
-0.026 1.083
-0.493 0.854
0.912 0.538
0.663 0.676
-0.642 0.747
-0.184 1.021
-0.162 1.021
-0.448 0.842
-0.522 0.903
0.397 -0.263
0.531 -0.306
0.297 1.007
-0.895 0.292
0.156 0.018
-0.548 0.833
-0.737 0.664
2.016 0.346
0.253 -0.087
0.893 0.337
-0.848 0.495
0.146 0.961
0.795 -0.414
1.931 0.187
1.657 -0.157
-0.811 0.702
-1.038 0.042
0.869 0.322
2.078 0.287
-0.712 0.545
1.097 0.224
-0.839 0.528
-0.146 1.014
1.579 -0.340
-0.968 0.449
1.419 -0.378
0.865 0.541
0.978 0.233
-0.238 0.959
0.953 -0.458
-0.478 0.849
0.537 0.835
0.810 -0.499
-0.304 0.842
0.933 -0.528
0.075 0.170
-0.277 0.961
1.952 -0.066
1.667 -0.262
0.637 0.823
1.711 -0.179
0.003 0.408
0.566 -0.337
1.690 -0.312
-0.835 0.703
-0.875 0.479
0.294 -0.157
1.422 -0.350
-0.156 0.918
-0.509 0.934
